\n\n select * from table1;
a.table1,b.table1,c.table1
922,158,5727
640,773,5058
775,85,10164
-551,811,1534
-952,311,1318
-354,646,7063
-497,335,4549
411,803,10519
-900,718,9020
858,731,3668
\n\n select A,C,E from table1,table2;
a.table1,c.table1,e.table2
922,5727,11191
922,5727,14421
922,5727,5117
922,5727,13393
922,5727,16116
922,5727,5403
922,5727,6309
922,5727,12262
922,5727,10226
922,5727,13021
640,5058,11191
640,5058,14421
640,5058,5117
640,5058,13393
640,5058,16116
640,5058,5403
640,5058,6309
640,5058,12262
640,5058,10226
640,5058,13021
775,10164,11191
775,10164,14421
775,10164,5117
775,10164,13393
775,10164,16116
775,10164,5403
775,10164,6309
775,10164,12262
775,10164,10226
775,10164,13021
-551,1534,11191
-551,1534,14421
-551,1534,5117
-551,1534,13393
-551,1534,16116
-551,1534,5403
-551,1534,6309
-551,1534,12262
-551,1534,10226
-551,1534,13021
-952,1318,11191
-952,1318,14421
-952,1318,5117
-952,1318,13393
-952,1318,16116
-952,1318,5403
-952,1318,6309
-952,1318,12262
-952,1318,10226
-952,1318,13021
-354,7063,11191
-354,7063,14421
-354,7063,5117
-354,7063,13393
-354,7063,16116
-354,7063,5403
-354,7063,6309
-354,7063,12262
-354,7063,10226
-354,7063,13021
-497,4549,11191
-497,4549,14421
-497,4549,5117
-497,4549,13393
-497,4549,16116
-497,4549,5403
-497,4549,6309
-497,4549,12262
-497,4549,10226
-497,4549,13021
411,10519,11191
411,10519,14421
411,10519,5117
411,10519,13393
411,10519,16116
411,10519,5403
411,10519,6309
411,10519,12262
411,10519,10226
411,10519,13021
-900,9020,11191
-900,9020,14421
-900,9020,5117
-900,9020,13393
-900,9020,16116
-900,9020,5403
-900,9020,6309
-900,9020,12262
-900,9020,10226
-900,9020,13021
858,3668,11191
858,3668,14421
858,3668,5117
858,3668,13393
858,3668,16116
858,3668,5403
858,3668,6309
858,3668,12262
858,3668,10226
858,3668,13021
\n\n select sum(B) from table1;
sum(b).table1
5371
\n\n select avg(E) from table2;
avg(e).table2
10745.9
\n\n select distinct A,B from table1;
a.table1,b.table1
922,158
640,773
775,85
-551,811
-952,311
-354,646
-497,335
411,803
-900,718
858,731
\n\n select distinct A,B,F from table1,table2;
column not present to select
\n\n select A,B from table1 where A< 0 and B <=300;
\n\n select A,E from table1,table2 where A >300 or B < 14;
a.table1,e.table2
922,11191
922,14421
922,5117
922,13393
922,16116
922,5403
922,6309
922,12262
922,10226
922,13021
640,11191
640,14421
640,5117
640,13393
640,16116
640,5403
640,6309
640,12262
640,10226
640,13021
775,11191
775,14421
775,5117
775,13393
775,16116
775,5403
775,6309
775,12262
775,10226
775,13021
411,11191
411,14421
411,5117
411,13393
411,16116
411,5403
411,6309
411,12262
411,10226
411,13021
858,11191
858,14421
858,5117
858,13393
858,16116
858,5403
858,6309
858,12262
858,10226
858,13021
\n\n select A,min(B),avg(E) from table1,table2 group by A;
a.table1,min(b).table1,avg(e).table2
-952,311,10745.9
-900,718,10745.9
-551,811,10745.9
-497,335,10745.9
-354,646,10745.9
411,803,10745.9
640,773,10745.9
775,85,10745.9
858,731,10745.9
922,158,10745.9
\n\n select C from table1 group by C;
c.table1
1318
1534
3668
4549
5058
5727
7063
9020
10164
10519
\n\n select A from table1 order by A DESC;
a.table1
922
858
775
640
411
-354
-497
-551
-900
-952
\n\n select A,E from table1,table2 order by A ASC;
a.table1,e.table2
-952,11191
-952,14421
-952,5117
-952,13393
-952,16116
-952,5403
-952,6309
-952,12262
-952,10226
-952,13021
-900,11191
-900,14421
-900,5117
-900,13393
-900,16116
-900,5403
-900,6309
-900,12262
-900,10226
-900,13021
-551,11191
-551,14421
-551,5117
-551,13393
-551,16116
-551,5403
-551,6309
-551,12262
-551,10226
-551,13021
-497,11191
-497,14421
-497,5117
-497,13393
-497,16116
-497,5403
-497,6309
-497,12262
-497,10226
-497,13021
-354,11191
-354,14421
-354,5117
-354,13393
-354,16116
-354,5403
-354,6309
-354,12262
-354,10226
-354,13021
411,11191
411,14421
411,5117
411,13393
411,16116
411,5403
411,6309
411,12262
411,10226
411,13021
640,11191
640,14421
640,5117
640,13393
640,16116
640,5403
640,6309
640,12262
640,10226
640,13021
775,11191
775,14421
775,5117
775,13393
775,16116
775,5403
775,6309
775,12262
775,10226
775,13021
858,11191
858,14421
858,5117
858,13393
858,16116
858,5403
858,6309
858,12262
858,10226
858,13021
922,11191
922,14421
922,5117
922,13393
922,16116
922,5403
922,6309
922,12262
922,10226
922,13021
\n\n select A,min(C) from table1,table2 group by A order by COUNT(B);
Sorry!,column not found in ordering:(
\n\n select A,min(C) from table1,table2 group by A order by COUNT(B) DESC
Sorry!,column not found in ordering:(
\n\n select distinct A,min(C) from table1,table2 group by A order by COUNT(B);
Sorry!,column not found in ordering:(
\n\n select distinct A,min(C) from table1,table2 group by A order by COUNT(B) DESC
semicolon error
\n\n select A,sum(B) from table1 where A < 5 group by A order by A;
a.table1,sum(b).table1
-952,311
-900,718
-551,811
-497,335
-354,646
\n\n select * from table4;
\n\n select e from table1;
column not present to select
\n\n select A,sum(B) from table1;
column not present to select
\n\n select A,B from table1 were a < 5;
\n\n select A,B from table1 group by a;
multiple columns in group by
a.table1,b.table1
-952,311
-900,718
-551,811
-497,335
-354,646
411,803
640,773
775,85
858,731
922,158
